A = [0 1 0 0 0;
    0.5 0 0.5 0 0;
    0 0.5 0 0.5 0;
    0 0 0.5 0 0.5;
    0 0 0 1 0];

A^200
A^199
A^198