% -------------------------------------------------------------------
%  Generated by MATLAB on 17-Jul-2024 14:53:04
%  MATLAB version: 9.12.0.1884302 (R2022a)
% -------------------------------------------------------------------
                                           

X = [0; 0; 5.0000000000000036; 34.999999999999993];

b = [50; 75];

dinheiro = 9000;

func_obj = [-150 -500 -400 -200];

lb = [0 0 0 0];

rest = ...
  [1 4 3 1;
   1 1 1 2];

ub = [100 100 100 100];

